-20 0
-19.99 0
-19.98 0
-19.97 0
-19.96 0
-19.95 0
-19.94 0
-19.93 0
-19.92 0
-19.91 0
-19.9 0
-19.89 0
-19.88 0
-19.87 0
-19.86 0
-19.85 0
-19.84 0
-19.83 0
-19.82 0
-19.81 0
-19.8 0
-19.79 0
-19.78 0
-19.77 0
-19.76 0
-19.75 0
-19.74 0
-19.73 0
-19.72 0
-19.71 0
-19.7 0
-19.69 0
-19.68 0
-19.67 0
-19.66 0
-19.65 0
-19.64 0
-19.63 0
-19.62 0
-19.61 0
-19.6 0
-19.59 0
-19.58 0
-19.57 0
-19.56 0
-19.55 0
-19.54 0
-19.53 0
-19.52 0
-19.51 0
-19.5 0
-19.49 0
-19.48 0
-19.47 0
-19.46 0
-19.45 0
-19.44 0
-19.43 0
-19.42 0
-19.41 0
-19.4 0
-19.39 0
-19.38 0
-19.37 0
-19.36 0
-19.35 0
-19.34 0
-19.33 0
-19.32 0
-19.31 0
-19.3 0
-19.29 0
-19.28 0
-19.27 0
-19.26 0
-19.25 0
-19.24 0
-19.23 0
-19.22 0
-19.21 0
-19.2 0
-19.19 0
-19.18 0
-19.17 0
-19.16 0
-19.15 0
-19.14 0
-19.13 0
-19.12 0
-19.11 0
-19.1 0
-19.09 0
-19.08 0
-19.07 0
-19.06 0
-19.05 0
-19.04 0
-19.03 0
-19.02 0
-19.01 0
-19 0
-18.99 0
-18.98 0
-18.97 0
-18.96 0
-18.95 0
-18.94 0
-18.93 0
-18.92 0
-18.91 0
-18.9 0
-18.89 0
-18.88 0
-18.87 0
-18.86 0
-18.85 0
-18.84 0
-18.83 0
-18.82 0
-18.81 0
-18.8 0
-18.79 0
-18.78 0
-18.77 0
-18.76 0
-18.75 0
-18.74 0
-18.73 0
-18.72 0
-18.71 0
-18.7 0
-18.69 0
-18.68 0
-18.67 0
-18.66 0
-18.65 0
-18.64 0
-18.63 0
-18.62 0
-18.61 0
-18.6 0
-18.59 0
-18.58 0
-18.57 0
-18.56 0
-18.55 0
-18.54 0
-18.53 0
-18.52 0
-18.51 0
-18.5 0
-18.49 0
-18.48 0
-18.47 0
-18.46 0
-18.45 0
-18.44 0
-18.43 0
-18.42 0
-18.41 0
-18.4 0
-18.39 0
-18.38 0
-18.37 0
-18.36 0
-18.35 0
-18.34 0
-18.33 0
-18.32 0
-18.31 0
-18.3 0
-18.29 0
-18.28 0
-18.27 0
-18.26 0
-18.25 0
-18.24 0
-18.23 0
-18.22 0
-18.21 0
-18.2 0
-18.19 0
-18.18 0
-18.17 0
-18.16 0
-18.15 0
-18.14 0
-18.13 0
-18.12 0
-18.11 0
-18.1 0
-18.09 0
-18.08 0
-18.07 0
-18.06 0
-18.05 0
-18.04 0
-18.03 0
-18.02 0
-18.01 0
-18 0
-17.99 0
-17.98 0
-17.97 0
-17.96 0
-17.95 0
-17.94 0
-17.93 0
-17.92 0
-17.91 0
-17.9 0
-17.89 0
-17.88 0
-17.87 0
-17.86 0
-17.85 0
-17.84 0
-17.83 0
-17.82 0
-17.8099 0
-17.7999 0
-17.7899 0
-17.7799 0
-17.7699 0
-17.7599 0
-17.7499 0
-17.7399 0
-17.7299 0
-17.7199 0
-17.7099 0
-17.6999 0
-17.6899 0
-17.6799 0
-17.6699 0
-17.6599 0
-17.6499 0
-17.6399 0
-17.6299 0
-17.6199 0
-17.6099 0
-17.5999 0
-17.5899 0
-17.5799 0
-17.5699 0
-17.5599 0
-17.5499 0
-17.5399 0
-17.5299 0
-17.5199 0
-17.5099 0
-17.4999 0
-17.4899 0
-17.4799 0
-17.4699 0
-17.4599 0
-17.4499 0
-17.4399 0
-17.4299 0
-17.4199 0
-17.4099 0
-17.3999 0
-17.3899 0
-17.3799 0
-17.3699 0
-17.3599 0
-17.3499 0
-17.3399 0
-17.3299 0
-17.3199 0
-17.3099 0
-17.2999 0
-17.2899 0
-17.2799 0
-17.2699 0
-17.2599 0
-17.2499 0
-17.2399 0
-17.2299 0
-17.2199 0
-17.2099 0
-17.1999 0
-17.1899 0
-17.1799 0
-17.1699 0
-17.1599 0
-17.1499 0
-17.1399 0
-17.1299 0
-17.1199 0
-17.1099 0
-17.0999 0
-17.0899 0
-17.0799 0
-17.0699 0
-17.0599 0
-17.0499 0
-17.0399 0
-17.0299 0
-17.0199 0
-17.0099 0
-16.9999 0
-16.9899 0
-16.9799 0
-16.9699 0
-16.9599 0
-16.9499 0
-16.9399 0
-16.9299 0
-16.9199 0
-16.9099 0
-16.8999 0
-16.8899 0
-16.8799 0
-16.8699 0
-16.8599 0
-16.8499 0
-16.8399 0
-16.8299 0
-16.8199 0
-16.8099 0
-16.7999 0
-16.7899 0
-16.7799 0
-16.7699 0
-16.7599 0
-16.7499 0
-16.7399 0
-16.7299 0
-16.7199 0
-16.7099 0
-16.6999 0
-16.6899 0
-16.6799 0
-16.6699 0
-16.6599 0
-16.6499 0
-16.6399 0
-16.6299 0
-16.6199 0
-16.6099 0
-16.5999 0
-16.5899 0
-16.5799 0
-16.5699 0
-16.5599 0
-16.5499 0
-16.5399 0
-16.5299 0
-16.5199 0
-16.5099 0
-16.4999 0
-16.4899 0
-16.4799 0
-16.4699 0
-16.4599 0
-16.4499 0
-16.4399 0
-16.4299 0
-16.4199 0
-16.4099 0
-16.3999 0
-16.3899 0
-16.3799 0
-16.3699 0
-16.3599 0
-16.3499 0
-16.3399 0
-16.3299 0
-16.3199 0
-16.3099 0
-16.2999 0
-16.2899 0
-16.2799 0
-16.2699 0
-16.2599 0
-16.2499 0
-16.2399 0
-16.2299 0
-16.2199 0
-16.2099 0
-16.1999 0
-16.1899 0
-16.1799 0
-16.1699 0
-16.1599 0
-16.1499 0
-16.1399 0
-16.1299 0
-16.1199 0
-16.1099 0
-16.0999 0
-16.0899 0
-16.0799 0
-16.0699 0
-16.0599 0
-16.0499 0
-16.0399 0
-16.0299 0
-16.0199 0
-16.0099 0
-15.9999 0
-15.9899 0
-15.9799 0
-15.9699 0
-15.9599 0
-15.9499 0
-15.9399 0
-15.9299 0
-15.9199 0
-15.9099 0
-15.8999 0
-15.8899 0
-15.8799 0
-15.8699 0
-15.8599 0
-15.8499 0
-15.8399 0
-15.8299 0
-15.8199 0
-15.8099 0
-15.7999 0
-15.7899 0
-15.7799 0
-15.7699 0
-15.7599 0
-15.7499 0
-15.7399 0
-15.7299 0
-15.7199 0
-15.7099 0
-15.6999 0
-15.6899 0
-15.6799 0
-15.6699 0
-15.6599 0
-15.6499 0
-15.6399 0
-15.6299 0
-15.6199 0
-15.6099 0
-15.5999 0
-15.5899 0
-15.5799 0
-15.5699 0
-15.5599 0
-15.5499 0
-15.5399 0
-15.5299 0
-15.5199 0
-15.5099 0
-15.4999 0
-15.4899 0
-15.4799 0
-15.4699 0
-15.4599 0
-15.4499 0
-15.4399 0
-15.4299 0
-15.4199 0
-15.4099 0
-15.3999 0
-15.3899 0
-15.3799 0
-15.3699 0
-15.3599 0
-15.3499 0
-15.3399 0
-15.3299 0
-15.3199 0
-15.3099 0
-15.2999 0
-15.2899 0
-15.2799 0
-15.2699 0
-15.2599 0
-15.2499 0
-15.2399 0
-15.2299 0
-15.2199 0
-15.2099 0
-15.1999 0
-15.1899 0
-15.1799 0
-15.1699 0
-15.1599 0
-15.1499 0
-15.1399 0
-15.1299 0
-15.1199 0
-15.1099 0
-15.0999 0
-15.0899 0
-15.0799 0
-15.0699 0
-15.0599 0
-15.0499 0
-15.0399 0
-15.0299 0
-15.0199 0
-15.0099 0
-14.9999 0
-14.9899 0
-14.9799 0
-14.9699 0
-14.9599 0
-14.9499 0
-14.9399 0
-14.9299 0
-14.9199 0
-14.9099 0
-14.8999 0
-14.8899 0
-14.8799 0
-14.8699 0
-14.8599 0
-14.8499 0
-14.8399 0
-14.8299 0
-14.8199 0
-14.8099 0
-14.7999 0
-14.7899 0
-14.7799 0
-14.7699 0
-14.7599 0
-14.7499 0
-14.7399 0
-14.7299 0
-14.7199 0
-14.7099 0
-14.6999 0
-14.6899 0
-14.6799 0
-14.6699 0
-14.6599 0
-14.6499 0
-14.6399 0
-14.6299 0
-14.6199 0
-14.6099 0
-14.5999 0
-14.5899 0
-14.5799 0
-14.5699 0
-14.5599 0
-14.5499 0
-14.5399 0
-14.5299 0
-14.5199 0
-14.5099 0
-14.4999 0
-14.4899 0
-14.4799 0
-14.4699 0
-14.4599 0
-14.4499 0
-14.4399 0
-14.4299 0
-14.4199 0
-14.4099 0
-14.3999 0
-14.3899 0
-14.3799 0
-14.3699 0
-14.3599 0
-14.3499 0
-14.3399 0
-14.3299 0
-14.3199 0
-14.3099 0
-14.2999 0
-14.2899 0
-14.2799 0
-14.2699 0
-14.2599 0
-14.2499 0
-14.2399 0
-14.2299 0
-14.2199 0
-14.2099 0
-14.1999 0
-14.1899 0
-14.1799 0
-14.1699 0
-14.1599 0
-14.1499 0
-14.1399 0
-14.1299 0
-14.1199 0
-14.1099 0
-14.0999 0
-14.0899 0
-14.0799 0
-14.0699 0
-14.0599 0
-14.0499 0
-14.0399 0
-14.0299 0
-14.0199 0
-14.0099 0
-13.9999 0
-13.9899 0
-13.9799 0
-13.9699 0
-13.9599 0
-13.9499 0
-13.9399 0
-13.9299 0
-13.9199 0
-13.9099 0
-13.8999 0
-13.8899 0
-13.8799 0
-13.8699 0
-13.8599 0
-13.8499 0
-13.8399 0
-13.8299 0
-13.8199 0
-13.8099 0
-13.7999 0
-13.7899 0
-13.7799 0
-13.7699 0
-13.7599 0
-13.7499 0
-13.7399 0
-13.7299 0
-13.7199 0
-13.7099 0
-13.6999 0
-13.6899 0
-13.6799 0
-13.6699 0
-13.6599 0
-13.6499 0
-13.6399 0
-13.6299 0
-13.6199 0
-13.6099 0
-13.5999 0
-13.5899 0
-13.5799 0
-13.5699 0
-13.5599 0
-13.5499 0
-13.5399 0
-13.5299 0
-13.5199 0
-13.5099 0
-13.4999 0
-13.4899 0
-13.4799 0
-13.4699 0
-13.4599 0
-13.4499 0
-13.4398 0
-13.4298 0
-13.4198 0
-13.4098 0
-13.3998 0
-13.3898 0
-13.3798 0
-13.3698 0
-13.3598 0
-13.3498 0
-13.3398 0
-13.3298 0
-13.3198 0
-13.3098 0
-13.2998 0
-13.2898 0
-13.2798 0
-13.2698 0
-13.2598 0
-13.2498 0
-13.2398 0
-13.2298 0
-13.2198 0
-13.2098 0
-13.1998 0
-13.1898 0
-13.1798 0
-13.1698 0
-13.1598 0
-13.1498 0
-13.1398 0
-13.1298 0
-13.1198 0
-13.1098 0
-13.0998 0
-13.0898 0
-13.0798 0
-13.0698 0
-13.0598 0
-13.0498 0
-13.0398 0
-13.0298 0
-13.0198 0
-13.0098 0
-12.9998 0
-12.9898 0
-12.9798 0
-12.9698 0
-12.9598 0
-12.9498 0
-12.9398 0
-12.9298 0
-12.9198 0
-12.9098 0
-12.8998 0
-12.8898 0
-12.8798 0
-12.8698 0
-12.8598 0
-12.8498 0
-12.8398 0
-12.8298 0
-12.8198 0
-12.8098 0
-12.7998 0
-12.7898 0
-12.7798 0
-12.7698 0
-12.7598 0
-12.7498 0
-12.7398 0
-12.7298 0
-12.7198 0
-12.7098 0
-12.6998 0
-12.6898 0
-12.6798 0
-12.6698 0
-12.6598 0
-12.6498 0
-12.6398 0
-12.6298 0
-12.6198 0
-12.6098 0
-12.5998 0
-12.5898 0
-12.5798 0
-12.5698 0
-12.5598 0
-12.5498 0
-12.5398 0
-12.5298 0
-12.5198 0
-12.5098 0
-12.4998 0
-12.4898 0
-12.4798 0
-12.4698 0
-12.4598 0
-12.4498 0
-12.4398 0
-12.4298 0
-12.4198 0
-12.4098 0
-12.3998 0
-12.3898 0
-12.3798 0
-12.3698 0
-12.3598 0
-12.3498 0
-12.3398 0
-12.3298 0
-12.3198 0
-12.3098 0
-12.2998 0
-12.2898 0
-12.2798 0
-12.2698 0
-12.2598 0
-12.2498 0
-12.2398 0
-12.2298 0
-12.2198 0
-12.2098 0
-12.1998 0
-12.1898 0
-12.1798 0
-12.1698 0
-12.1598 0
-12.1498 0
-12.1398 0
-12.1298 0
-12.1198 0
-12.1098 0
-12.0998 0
-12.0898 0
-12.0798 0
-12.0698 0
-12.0598 0
-12.0498 0
-12.0398 0
-12.0298 0
-12.0198 0
-12.0098 0
-11.9998 0
-11.9898 0
-11.9798 0
-11.9698 0
-11.9598 0
-11.9498 0
-11.9398 0
-11.9298 0
-11.9198 0
-11.9098 0
-11.8998 0
-11.8898 0
-11.8798 0
-11.8698 0
-11.8598 0
-11.8498 0
-11.8398 0
-11.8298 0
-11.8198 0
-11.8098 0
-11.7998 0
-11.7898 0
-11.7798 0
-11.7698 0
-11.7598 0
-11.7498 0
-11.7398 0
-11.7298 0
-11.7198 0
-11.7098 0
-11.6998 0
-11.6898 0
-11.6798 0
-11.6698 0
-11.6598 0
-11.6498 0
-11.6398 0
-11.6298 0
-11.6198 0
-11.6098 0
-11.5998 0
-11.5898 0
-11.5798 0
-11.5698 0
-11.5598 0
-11.5498 0
-11.5398 0
-11.5298 0
-11.5198 0
-11.5098 0
-11.4998 0
-11.4898 0
-11.4798 0
-11.4698 0
-11.4598 0
-11.4498 0
-11.4398 0
-11.4298 0
-11.4198 0
-11.4098 0
-11.3998 0
-11.3898 0
-11.3798 0
-11.3698 0
-11.3598 0
-11.3498 0
-11.3398 0
-11.3298 0
-11.3198 0
-11.3098 0
-11.2998 0
-11.2898 0
-11.2798 0
-11.2698 0
-11.2598 0
-11.2498 0
-11.2398 0
-11.2298 0
-11.2198 0
-11.2098 0
-11.1998 0
-11.1898 0
-11.1798 0
-11.1698 0
-11.1598 0
-11.1498 0
-11.1398 0
-11.1298 0
-11.1198 0
-11.1098 0
-11.0998 0
-11.0898 0
-11.0798 0
-11.0698 0
-11.0598 0
-11.0498 0
-11.0398 0
-11.0298 0
-11.0198 0
-11.0098 0
-10.9998 0
-10.9898 0
-10.9798 0
-10.9698 0
-10.9598 0
-10.9498 0
-10.9398 0
-10.9298 0
-10.9198 0
-10.9098 0
-10.8998 0
-10.8898 0
-10.8798 0
-10.8698 0
-10.8598 0
-10.8498 0
-10.8398 0
-10.8298 0
-10.8198 0
-10.8098 0
-10.7998 0
-10.7898 0
-10.7798 0
-10.7698 0
-10.7598 0
-10.7498 0
-10.7398 0
-10.7298 0
-10.7198 0
-10.7098 0
-10.6998 0
-10.6898 0
-10.6798 0
-10.6698 0
-10.6598 0
-10.6498 0
-10.6398 0
-10.6298 0
-10.6198 0
-10.6098 0
-10.5998 0
-10.5898 0
-10.5798 0
-10.5698 0
-10.5598 0
-10.5498 0
-10.5398 0
-10.5298 0
-10.5198 0
-10.5098 0
-10.4998 0
-10.4898 0
-10.4798 0
-10.4698 0
-10.4598 0
-10.4498 0
-10.4398 0
-10.4298 0
-10.4198 0
-10.4098 0
-10.3998 0
-10.3898 0
-10.3798 0
-10.3698 0
-10.3598 0
-10.3498 0
-10.3398 0
-10.3298 0
-10.3198 0
-10.3098 0
-10.2998 0
-10.2898 0
-10.2798 0
-10.2698 0
-10.2598 0
-10.2498 0
-10.2398 0
-10.2298 0
-10.2198 0
-10.2098 0
-10.1998 7.00649e-044
-10.1898 7.00649e-044
-10.1798 0
-10.1698 0
-10.1598 0
-10.1498 7.00649e-044
-10.1398 7.00649e-044
-10.1298 0
-10.1198 7.00649e-044
-10.1098 1.4013e-043
-10.0998 7.00649e-044
-10.0898 7.00649e-044
-10.0798 2.10195e-043
-10.0698 2.10195e-043
-10.0598 2.10195e-043
-10.0498 2.8026e-043
-10.0398 3.50325e-043
-10.0298 4.2039e-043
-10.0198 4.90454e-043
-10.0098 6.30584e-043
-9.99977 7.70714e-043
-9.98977 9.10844e-043
-9.97977 1.12104e-042
-9.96977 1.33123e-042
-9.95977 1.61149e-042
-9.94977 2.03188e-042
-9.93977 2.52234e-042
-9.92977 3.01279e-042
-9.91977 3.64338e-042
-9.90977 4.48416e-042
-9.89977 5.46506e-042
-9.88977 6.65617e-042
-9.87977 8.05747e-042
-9.86977 9.80909e-042
-9.85977 1.19811e-041
-9.84977 1.45735e-041
-9.83977 1.76564e-041
-9.82977 2.15099e-041
-9.81977 2.62043e-041
-9.80977 3.18095e-041
-9.79977 3.86758e-041
-9.78977 4.70136e-041
-9.77977 5.70328e-041
-9.76977 6.92942e-041
-9.75977 8.4218e-041
-9.74977 1.02225e-040
-9.73977 1.24155e-040
-9.72976 1.5064e-040
-9.71976 1.82729e-040
-9.70976 2.21755e-040
-9.69976 2.68979e-040
-9.68976 3.26152e-040
-9.67976 3.95516e-040
-9.66976 4.79454e-040
-9.65976 5.80978e-040
-9.64976 7.04012e-040
-9.63976 8.5297e-040
-9.62976 1.03318e-039
-9.61976 1.25115e-039
-9.60976 1.5148e-039
-9.59976 1.83367e-039
-9.58976 2.21924e-039
-9.57976 2.68538e-039
-9.56976 3.24877e-039
-9.55976 3.92952e-039
-9.54976 4.75187e-039
-9.53976 5.74532e-039
-9.52976 6.94505e-039
-9.51976 8.3935e-039
-9.50976 1.0142e-038
-9.49976 1.22525e-038
-9.48976 1.4799e-038
-9.47976 1.78712e-038
-9.46976 2.1577e-038
-9.45976 2.60461e-038
-9.44976 3.14339e-038
-9.43976 3.79294e-038
-9.42976 4.57576e-038
-9.41976 5.51884e-038
-9.40976 6.65524e-038
-9.39976 8.02395e-038
-9.38976 9.67208e-038
-9.37976 1.16566e-037
-9.36976 1.40455e-037
-9.35976 1.69206e-037
-9.34976 2.03797e-037
-9.33976 2.4541e-037
-9.32976 2.95466e-037
-9.31976 3.55653e-037
-9.30976 4.28024e-037
-9.29976 5.15016e-037
-9.28975 6.19554e-037
-9.27975 7.45175e-037
-9.26975 8.96065e-037
-9.25975 1.07732e-036
-9.24975 1.29497e-036
-9.23975 1.55626e-036
-9.22975 1.86988e-036
-9.21975 2.24631e-036
-9.20975 2.69797e-036
-9.19975 3.23973e-036
-9.18975 3.88956e-036
-9.17975 4.66882e-036
-9.16975 5.60293e-036
-9.15975 6.7226e-036
-9.14975 8.06454e-036
-9.13975 9.67243e-036
-9.12975 1.15983e-035
-9.11975 1.39052e-035
-9.10975 1.66675e-035
-9.09975 1.99741e-035
-9.08975 2.39319e-035
-9.07975 2.86688e-035
-9.06975 3.43362e-035
-9.05975 4.1115e-035
-9.04975 4.92232e-035
-9.03975 5.89186e-035
-9.02975 7.05079e-035
-9.01975 8.43599e-035
-9.00975 1.00915e-034
-8.99975 1.20695e-034
-8.98975 1.44319e-034
-8.97975 1.72537e-034
-8.96975 2.0623e-034
-8.95975 2.46443e-034
-8.94975 2.9445e-034
-8.93975 3.51746e-034
-8.92975 4.20088e-034
-8.91975 5.01609e-034
-8.90975 5.98841e-034
-8.89975 7.14759e-034
-8.88975 8.52967e-034
-8.87975 1.01769e-033
-8.86975 1.21396e-033
-8.85975 1.44777e-033
-8.84974 1.72633e-033
-8.83974 2.05805e-033
-8.82974 2.45298e-033
-8.81974 2.92317e-033
-8.80974 3.48278e-033
-8.79974 4.14859e-033
-8.78974 4.9407e-033
-8.77974 5.88298e-033
-8.76974 7.00357e-033
-8.75974 8.33595e-033
-8.74974 9.91957e-033
-8.73974 1.18017e-032
-8.72974 1.40383e-032
-8.71974 1.66956e-032
-8.70974 1.98513e-032
-8.69974 2.35988e-032
-8.68974 2.80486e-032
-8.67974 3.33309e-032
-8.66974 3.96001e-032
-8.65974 4.70377e-032
-8.64974 5.58627e-032
-8.63974 6.63278e-032
-8.62974 7.87382e-032
-8.61974 9.34556e-032
-8.60974 1.10897e-031
-8.59974 1.31567e-031
-8.58974 1.56061e-031
-8.57974 1.85078e-031
-8.56974 2.19442e-031
-8.55974 2.60133e-031
-8.54974 3.08322e-031
-8.53974 3.65346e-031
-8.52974 4.32834e-031
-8.51974 5.12691e-031
-8.50974 6.07149e-031
-8.49974 7.1888e-031
-8.48974 8.51002e-031
-8.47974 1.00721e-030
-8.46974 1.19181e-030
-8.45974 1.40997e-030
-8.44974 1.66776e-030
-8.43974 1.97229e-030
-8.42974 2.3319e-030
-8.41973 2.75653e-030
-8.40973 3.25789e-030
-8.39973 3.84966e-030
-8.38973 4.54803e-030
-8.37973 5.37186e-030
-8.36973 6.34366e-030
-8.35973 7.48991e-030
-8.34973 8.8415e-030
-8.33973 1.04346e-029
-8.32973 1.23127e-029
-8.31973 1.45258e-029
-8.30973 1.71329e-029
-8.29973 2.02038e-029
-8.28973 2.38209e-029
-8.27973 2.80798e-029
-8.26973 3.30929e-029
-8.25973 3.89939e-029
-8.24973 4.59368e-029
-8.23973 5.41065e-029
-8.22973 6.37159e-029
-8.21973 7.50156e-029
-8.20973 8.83008e-029
-8.19973 1.03921e-028
-8.18973 1.22279e-028
-8.17973 1.43848e-028
-8.16973 1.69192e-028
-8.15973 1.9896e-028
-8.14973 2.33914e-028
-8.13973 2.74953e-028
-8.12973 3.23134e-028
-8.11973 3.79682e-028
-8.10973 4.46024e-028
-8.09973 5.23868e-028
-8.08973 6.15171e-028
-8.07973 7.22227e-028
-8.06973 8.47739e-028
-8.05973 9.94891e-028
-8.04973 1.16734e-027
-8.03973 1.36939e-027
-8.02973 1.60611e-027
-8.01973 1.88338e-027
-8.00973 2.20802e-027
-7.99973 2.58809e-027
-7.98973 3.03304e-027
-7.97972 3.55378e-027
-7.96972 4.16303e-027
-7.95972 4.87569e-027
-7.94972 5.70934e-027
-7.93972 6.68408e-027
-7.92972 7.82369e-027
-7.91972 9.15583e-027
-7.90972 1.07124e-026
-7.89972 1.25312e-026
-7.88972 1.46561e-026
-7.87972 1.71375e-026
-7.86972 2.00352e-026
-7.85972 2.34179e-026
-7.84972 2.73664e-026
-7.83972 3.19741e-026
-7.82972 3.73501e-026
-7.81972 4.36217e-026
-7.80972 5.09355e-026
-7.79972 5.94637e-026
-7.78972 6.94057e-026
-7.77972 8.09937e-026
-7.76972 9.44971e-026
-7.75972 1.1023e-025
-7.74972 1.28558e-025
-7.73972 1.499e-025
-7.72972 1.74752e-025
-7.71972 2.03681e-025
-7.70972 2.37352e-025
-7.69972 2.76534e-025
-7.68972 3.22119e-025
-7.67972 3.75147e-025
-7.66972 4.36811e-025
-7.65972 5.08501e-025
-7.64972 5.91855e-025
-7.63972 6.88731e-025
-7.62972 8.01283e-025
-7.61972 9.32053e-025
-7.60972 1.08394e-024
-7.59972 1.26035e-024
-7.58972 1.46515e-024
-7.57972 1.70287e-024
-7.56972 1.9788e-024
-7.55972 2.29899e-024
-7.54972 2.67041e-024
-7.53971 3.10117e-024
-7.52971 3.60073e-024
-7.51971 4.17998e-024
-7.50971 4.85138e-024
-7.49971 5.62948e-024
-7.48971 6.53105e-024
-7.47971 7.57549e-024
-7.46971 8.78529e-024
-7.45971 1.01861e-023
-7.44971 1.18078e-023
-7.43971 1.3685e-023
-7.42971 1.58576e-023
-7.41971 1.83716e-023
-7.40971 2.12792e-023
-7.39971 2.46423e-023
-7.38971 2.85316e-023
-7.37971 3.30276e-023
-7.36971 3.82244e-023
-7.35971 4.42293e-023
-7.34971 5.11687e-023
-7.33971 5.91848e-023
-7.32971 6.84412e-023
-7.31971 7.91303e-023
-7.30971 9.14715e-023
-7.29971 1.05715e-022
-7.28971 1.22151e-022
-7.27971 1.41115e-022
-7.26971 1.62989e-022
-7.25971 1.88216e-022
-7.24971 2.17305e-022
-7.23971 2.50841e-022
-7.22971 2.89491e-022
-7.21971 3.34028e-022
-7.20971 3.8534e-022
-7.19971 4.44444e-022
-7.18971 5.12509e-022
-7.17971 5.9088e-022
-7.16971 6.81107e-022
-7.15971 7.84941e-022
-7.14971 9.04424e-022
-7.13971 1.04188e-021
-7.12971 1.19999e-021
-7.11971 1.38181e-021
-7.1097 1.59086e-021
-7.0997 1.83119e-021
-7.0897 2.10738e-021
-7.0797 2.42469e-021
-7.0697 2.78931e-021
-7.0597 3.20804e-021
-7.0497 3.68891e-021
-7.0397 4.24105e-021
-7.0297 4.87471e-021
-7.0197 5.602e-021
-7.0097 6.43658e-021
-6.9997 7.3939e-021
-6.9897 8.4919e-021
-6.9797 9.75096e-021
-6.9697 1.11945e-020
-6.9597 1.28492e-020
-6.9497 1.47454e-020
-6.9397 1.69177e-020
-6.9297 1.94068e-020
-6.9197 2.22571e-020
-6.9097 2.55211e-020
-6.8997 2.9258e-020
-6.8897 3.35346e-020
-6.8797 3.84289e-020
-6.8697 4.40293e-020
-6.8597 5.04349e-020
-6.8497 5.77609e-020
-6.8397 6.61376e-020
-6.8297 7.57138e-020
-6.8197 8.66602e-020
-6.8097 9.91679e-020
-6.7997 1.13456e-019
-6.7897 1.29779e-019
-6.7797 1.48421e-019
-6.7697 1.69706e-019
-6.7597 1.94003e-019
-6.7497 2.21737e-019
-6.7397 2.53382e-019
-6.7297 2.89479e-019
-6.7197 3.30657e-019
-6.7097 3.77622e-019
-6.6997 4.31163e-019
-6.6897 4.92198e-019
-6.6797 5.61766e-019
-6.66969 6.41028e-019
-6.65969 7.31315e-019
-6.64969 8.34162e-019
-6.63969 9.51294e-019
-6.62969 1.08464e-018
-6.61969 1.23642e-018
-6.60969 1.40919e-018
-6.59969 1.60574e-018
-6.58969 1.82931e-018
-6.57969 2.08362e-018
-6.56969 2.37284e-018
-6.55969 2.70161e-018
-6.54969 3.07532e-018
-6.53969 3.50001e-018
-6.52969 3.98255e-018
-6.51969 4.53077e-018
-6.50969 5.15333e-018
-6.49969 5.86025e-018
-6.48969 6.66279e-018
-6.47969 7.57371e-018
-6.46969 8.60741e-018
-6.45969 9.78023e-018
-6.44969 1.11106e-017
-6.43969 1.26196e-017
-6.42969 1.43303e-017
-6.41969 1.62696e-017
-6.40969 1.8468e-017
-6.39969 2.09592e-017
-6.38969 2.37809e-017
-6.37969 2.69776e-017
-6.36969 3.0598e-017
-6.35969 3.4697e-017
-6.34969 3.93369e-017
-6.33969 4.45885e-017
-6.32969 5.05307e-017
-6.31969 5.72534e-017
-6.30969 6.48572e-017
-6.29969 7.34562e-017
-6.28969 8.31795e-017
-6.27969 9.41695e-017
-6.26969 1.0659e-016
-6.25969 1.20624e-016
-6.24969 1.36478e-016
-6.23969 1.54388e-016
-6.22968 1.74609e-016
-6.21968 1.97436e-016
-6.20968 2.23205e-016
-6.19968 2.5229e-016
-6.18968 2.85103e-016
-6.17968 3.22119e-016
-6.16968 3.63872e-016
-6.15968 4.10948e-016
-6.14968 4.64013e-016
-6.13968 5.23832e-016
-6.12968 5.91252e-016
-6.11968 6.67203e-016
-6.10968 7.5276e-016
-6.09968 8.49129e-016
-6.08968 9.57625e-016
-6.07968 1.07975e-015
-6.06968 1.21722e-015
-6.05968 1.37193e-015
-6.04968 1.54597e-015
-6.03968 1.74174e-015
-6.02968 1.9619e-015
-6.01968 2.20944e-015
-6.00968 2.48776e-015
-5.99968 2.80051e-015
-5.98968 3.15195e-015
-5.97968 3.54676e-015
-5.96968 3.99023e-015
-5.95968 4.48822e-015
-5.94968 5.04735e-015
-5.93968 5.67508e-015
-5.92968 6.37947e-015
-5.91968 7.16972e-015
-5.90968 8.05651e-015
-5.89968 9.05095e-015
-5.88968 1.01661e-014
-5.87968 1.14165e-014
-5.86968 1.28178e-014
-5.85968 1.43883e-014
-5.84968 1.61482e-014
-5.83968 1.81194e-014
-5.82968 2.03271e-014
-5.81968 2.27991e-014
-5.80968 2.55667e-014
-5.79967 2.86648e-014
-5.78967 3.21313e-014
-5.77967 3.60091e-014
-5.76967 4.03473e-014
-5.75967 4.51998e-014
-5.74967 5.06257e-014
-5.73967 5.66893e-014
-5.72967 6.34677e-014
-5.71967 7.1043e-014
-5.70967 7.95052e-014
-5.69967 8.89572e-014
-5.68967 9.9511e-014
-5.67967 1.11298e-013
-5.66967 1.24456e-013
-5.65967 1.39137e-013
-5.64967 1.5552e-013
-5.63967 1.73799e-013
-5.62967 1.94186e-013
-5.61967 2.16919e-013
-5.60967 2.42265e-013
-5.59967 2.70516e-013
-5.58967 3.02001e-013
-5.57967 3.37085e-013
-5.56967 3.76165e-013
-5.55967 4.19694e-013
-5.54967 4.6816e-013
-5.53967 5.22119e-013
-5.52967 5.82176e-013
-5.51967 6.49011e-013
-5.50967 7.23377e-013
-5.49967 8.06094e-013
-5.48967 8.98086e-013
-5.47967 1.00038e-012
-5.46967 1.11409e-012
-5.45967 1.24048e-012
-5.44967 1.38093e-012
-5.43967 1.53695e-012
-5.42967 1.71028e-012
-5.41967 1.90276e-012
-5.40967 2.11645e-012
-5.39967 2.35366e-012
-5.38967 2.61696e-012
-5.37967 2.90912e-012
-5.36967 3.23322e-012
-5.35966 3.59269e-012
-5.34966 3.99131e-012
-5.33966 4.43325e-012
-5.32966 4.92318e-012
-5.31966 5.46608e-012
-5.30966 6.06763e-012
-5.29966 6.73405e-012
-5.28966 7.47209e-012
-5.27966 8.28932e-012
-5.26966 9.19407e-012
-5.25966 1.01955e-011
-5.24966 1.13038e-011
-5.23966 1.253e-011
-5.22966 1.38861e-011
-5.21966 1.53861e-011
-5.20966 1.70447e-011
-5.19966 1.88784e-011
-5.18966 2.09048e-011
-5.17966 2.3144e-011
-5.16966 2.56178e-011
-5.15966 2.83503e-011
-5.14966 3.13682e-011
-5.13966 3.46998e-011
-5.12966 3.83776e-011
-5.11966 4.24365e-011
-5.10966 4.69156e-011
-5.09966 5.18562e-011
-5.08966 5.73057e-011
-5.07966 6.33153e-011
-5.06966 6.99404e-011
-5.05966 7.72429e-011
-5.04966 8.52905e-011
-5.03966 9.41582e-011
-5.02966 1.03926e-010
-5.01966 1.14683e-010
-5.00966 1.26529e-010
-4.99966 1.39569e-010
-4.98966 1.53922e-010
-4.97966 1.69716e-010
-4.96966 1.87094e-010
-4.95966 2.06207e-010
-4.94966 2.27227e-010
-4.93966 2.50341e-010
-4.92966 2.75747e-010
-4.91965 3.03669e-010
-4.90965 3.34351e-010
-4.89965 3.68057e-010
-4.88965 4.05082e-010
-4.87965 4.45737e-010
-4.86965 4.90372e-010
-4.85965 5.39371e-010
-4.84965 5.9314e-010
-4.83965 6.52135e-010
-4.82965 7.16852e-010
-4.81965 7.87838e-010
-4.80965 8.65668e-010
-4.79965 9.50993e-010
-4.78965 1.04452e-009
-4.77965 1.14701e-009
-4.76965 1.25929e-009
-4.75965 1.38228e-009
-4.74965 1.51699e-009
-4.73965 1.66447e-009
-4.72965 1.82592e-009
-4.71965 2.00263e-009
-4.70965 2.19598e-009
-4.69965 2.4075e-009
-4.68965 2.63885e-009
-4.67965 2.89188e-009
-4.66965 3.16848e-009
-4.65965 3.47083e-009
-4.64965 3.8013e-009
-4.63965 4.16229e-009
-4.62965 4.55667e-009
-4.61965 4.98751e-009
-4.60965 5.45785e-009
-4.59965 5.97127e-009
-4.58965 6.53178e-009
-4.57965 7.14344e-009
-4.56965 7.81071e-009
-4.55965 8.53855e-009
-4.54965 9.3323e-009
-4.53965 1.01977e-008
-4.52965 1.11413e-008
-4.51965 1.21695e-008
-4.50965 1.32899e-008
-4.49965 1.45106e-008
-4.48965 1.58401e-008
-4.47964 1.72878e-008
-4.46964 1.88639e-008
-4.45964 2.05797e-008
-4.44964 2.24468e-008
-4.43964 2.44782e-008
-4.42964 2.66883e-008
-4.41964 2.90917e-008
-4.40964 3.1705e-008
-4.39964 3.45459e-008
-4.38964 3.76337e-008
-4.37964 4.09895e-008
-4.36964 4.46348e-008
-4.35964 4.85945e-008
-4.34964 5.28951e-008
-4.33964 5.75638e-008
-4.32964 6.26318e-008
-4.31964 6.81328e-008
-4.30964 7.41008e-008
-4.29964 8.05751e-008
-4.28964 8.7597e-008
-4.27964 9.52113e-008
-4.26964 1.03467e-007
-4.25964 1.12415e-007
-4.24964 1.22113e-007
-4.23964 1.32618e-007
-4.22964 1.43998e-007
-4.21964 1.56322e-007
-4.20964 1.69666e-007
-4.19964 1.84113e-007
-4.18964 1.99747e-007
-4.17964 2.16667e-007
-4.16964 2.34968e-007
-4.15964 2.54763e-007
-4.14964 2.76169e-007
-4.13964 2.99312e-007
-4.12964 3.24331e-007
-4.11964 3.51365e-007
-4.10964 3.80575e-007
-4.09964 4.12132e-007
-4.08964 4.46209e-007
-4.07964 4.83004e-007
-4.06964 5.22725e-007
-4.05964 5.65597e-007
-4.04963 6.11865e-007
-4.03963 6.61784e-007
-4.02963 7.15617e-007
-4.01963 7.73662e-007
-4.00963 8.36252e-007
-3.99963 9.03712e-007
-3.98963 9.76419e-007
-3.97963 1.05476e-006
-3.96963 1.13915e-006
-3.95963 1.23005e-006
-3.94963 1.32792e-006
-3.93963 1.43327e-006
-3.92963 1.54668e-006
-3.91963 1.6687e-006
-3.90963 1.79998e-006
-3.89963 1.94121e-006
-3.88963 2.09306e-006
-3.87963 2.25632e-006
-3.86963 2.43183e-006
-3.85963 2.62046e-006
-3.84963 2.82313e-006
-3.83963 3.04082e-006
-3.82963 3.27463e-006
-3.81963 3.5257e-006
-3.80963 3.79522e-006
-3.79963 4.08452e-006
-3.78963 4.39496e-006
-3.77963 4.72799e-006
-3.76963 5.08523e-006
-3.75963 5.46831e-006
-3.74963 5.87905e-006
-3.73963 6.31935e-006
-3.72963 6.79116e-006
-3.71963 7.29669e-006
-3.70963 7.83828e-006
-3.69963 8.41832e-006
-3.68963 9.03935e-006
-3.67963 9.70426e-006
-3.66963 1.04159e-005
-3.65963 1.11773e-005
-3.64963 1.1992e-005
-3.63963 1.28634e-005
-3.62963 1.37952e-005
-3.61963 1.47914e-005
-3.60963 1.58564e-005
-3.59963 1.69945e-005
-3.58963 1.82104e-005
-3.57963 1.95093e-005
-3.56963 2.08964e-005
-3.55963 2.23775e-005
-3.54963 2.39589e-005
-3.53963 2.56464e-005
-3.52963 2.74471e-005
-3.51963 2.93682e-005
-3.50963 3.14173e-005
-3.49963 3.36021e-005
-3.48963 3.59314e-005
-3.47963 3.84147e-005
-3.46963 4.10604e-005
-3.45963 4.38793e-005
-3.44963 4.68823e-005
-3.43963 5.00803e-005
-3.42963 5.34849e-005
-3.41963 5.71091e-005
-3.40963 6.0967e-005
-3.39963 6.50711e-005
-3.38963 6.9437e-005
-3.37963 7.40807e-005
-3.36963 7.90186e-005
-3.35963 8.42674e-005
-3.34963 8.98461e-005
-3.33963 9.57755e-005
-3.32963 0.000102073
-3.31963 0.000108763
-3.30963 0.000115867
-3.29963 0.00012341
-3.28963 0.000131415
-3.27963 0.000139911
-3.26963 0.000148925
-3.25963 0.000158484
-3.24963 0.000168625
-3.23963 0.000179376
-3.22963 0.000190773
-3.21963 0.000202852
-3.20963 0.000215648
-3.19963 0.000229204
-3.18963 0.00024356
-3.17963 0.000258764
-3.16963 0.000274859
-3.15963 0.000291894
-3.14963 0.000309917
-3.13963 0.000328984
-3.12963 0.000349156
-3.11963 0.00037048
-3.10963 0.000393025
-3.09963 0.000416858
-3.08963 0.000442042
-3.07963 0.000468646
-3.06963 0.000496746
-3.05963 0.000526429
-3.04963 0.000557759
-3.03963 0.000590829
-3.02963 0.000625732
-3.01963 0.000662559
-3.00963 0.000701398
-2.99963 0.000742358
-2.98963 0.000785557
-2.97964 0.00083108
-2.96964 0.000879056
-2.95964 0.000929612
-2.94964 0.000982868
-2.93964 0.00103895
-2.92964 0.00109799
-2.91964 0.00116017
-2.90964 0.00122559
-2.89964 0.00129442
-2.88964 0.00136684
-2.87964 0.00144299
-2.86964 0.00152307
-2.85964 0.00160726
-2.84964 0.00169573
-2.83964 0.0017887
-2.82964 0.00188637
-2.81964 0.00198893
-2.80964 0.00209663
-2.79964 0.0022097
-2.78964 0.00232836
-2.77964 0.00245288
-2.76964 0.00258352
-2.75964 0.00272052
-2.74964 0.00286416
-2.73964 0.00301477
-2.72964 0.00317263
-2.71964 0.00333803
-2.70964 0.00351128
-2.69964 0.00369275
-2.68964 0.00388279
-2.67964 0.00408171
-2.66964 0.00428991
-2.65964 0.00450776
-2.64964 0.00473567
-2.63964 0.00497405
-2.62964 0.00522329
-2.61964 0.00548381
-2.60964 0.00575616
-2.59964 0.0060407
-2.58964 0.00633794
-2.57964 0.00664841
-2.56964 0.00697253
-2.55964 0.00731091
-2.54964 0.00766409
-2.53964 0.00803256
-2.52964 0.00841696
-2.51964 0.00881783
-2.50964 0.0092358
-2.49964 0.00967155
-2.48964 0.0101256
-2.47964 0.0105987
-2.46964 0.0110915
-2.45964 0.0116047
-2.44964 0.012139
-2.43964 0.0126953
-2.42964 0.013274
-2.41964 0.0138761
-2.40964 0.0145025
-2.39964 0.0151538
-2.38964 0.0158309
-2.37964 0.0165347
-2.36964 0.017266
-2.35964 0.0180258
-2.34964 0.0188148
-2.33964 0.019634
-2.32964 0.0204845
-2.31964 0.0213673
-2.30964 0.0222832
-2.29964 0.0232331
-2.28964 0.0242183
-2.27964 0.0252399
-2.26964 0.0262987
-2.25964 0.0273959
-2.24964 0.0285324
-2.23964 0.0297099
-2.22964 0.0309292
-2.21964 0.032191
-2.20964 0.0334972
-2.19964 0.0348489
-2.18964 0.0362468
-2.17964 0.0376926
-2.16964 0.0391874
-2.15964 0.0407324
-2.14964 0.042329
-2.13964 0.0439784
-2.12964 0.0456822
-2.11964 0.0474412
-2.10964 0.049257
-2.09964 0.0511308
-2.08964 0.0530642
-2.07964 0.0550588
-2.06964 0.0571152
-2.05964 0.0592349
-2.04964 0.0614198
-2.03964 0.0636715
-2.02964 0.0659904
-2.01964 0.0683786
-2.00964 0.0708375
-1.99964 0.0733681
-1.98964 0.0759723
-1.97964 0.0786508
-1.96964 0.0814053
-1.95964 0.0842378
-1.94964 0.0871491
-1.93964 0.0901402
-1.92964 0.0932129
-1.91964 0.0963685
-1.90964 0.0996083
-1.89964 0.102934
-1.88964 0.106346
-1.87964 0.109846
-1.86964 0.113436
-1.85964 0.117116
-1.84964 0.120888
-1.83964 0.124753
-1.82964 0.128712
-1.81964 0.132765
-1.80964 0.136915
-1.79964 0.141163
-1.78964 0.145508
-1.77964 0.149952
-1.76964 0.154497
-1.75964 0.159141
-1.74964 0.163889
-1.73964 0.168738
-1.72964 0.17369
-1.71964 0.178745
-1.70964 0.183905
-1.69964 0.18917
-1.68964 0.194539
-1.67964 0.200014
-1.66964 0.205595
-1.65964 0.211281
-1.64964 0.217074
-1.63964 0.222972
-1.62964 0.228977
-1.61964 0.235087
-1.60964 0.241302
-1.59964 0.247624
-1.58964 0.254051
-1.57964 0.260581
-1.56964 0.267214
-1.55964 0.273951
-1.54964 0.280791
-1.53964 0.287731
-1.52964 0.294771
-1.51964 0.301911
-1.50964 0.309147
-1.49964 0.316482
-1.48964 0.323911
-1.47964 0.33143
-1.46964 0.339044
-1.45964 0.346746
-1.44964 0.354535
-1.43964 0.362411
-1.42964 0.370368
-1.41964 0.378406
-1.40964 0.386523
-1.39964 0.394715
-1.38964 0.402978
-1.37964 0.411312
-1.36964 0.419711
-1.35964 0.428174
-1.34964 0.436698
-1.33964 0.445276
-1.32964 0.453907
-1.31964 0.462586
-1.30964 0.47131
-1.29964 0.480075
-1.28964 0.488877
-1.27964 0.497709
-1.26964 0.50657
-1.25964 0.515454
-1.24964 0.524354
-1.23964 0.533268
-1.22964 0.542188
-1.21964 0.551112
-1.20964 0.560036
-1.19964 0.568948
-1.18964 0.577846
-1.17964 0.586727
-1.16964 0.595581
-1.15964 0.604402
-1.14964 0.613186
-1.13964 0.62193
-1.12964 0.63062
-1.11964 0.639254
-1.10964 0.647826
-1.09964 0.656329
-1.08964 0.664754
-1.07964 0.673096
-1.06964 0.681348
-1.05964 0.689504
-1.04964 0.697556
-1.03964 0.705495
-1.02964 0.713317
-1.01964 0.721014
-1.00964 0.728577
-0.999637 0.736001
-0.989637 0.743276
-0.979637 0.750399
-0.969637 0.757357
-0.959637 0.764146
-0.949637 0.77076
-0.939637 0.777186
-0.929637 0.783423
-0.919637 0.789461
-0.909637 0.795291
-0.899637 0.800908
-0.889637 0.806302
-0.879637 0.811467
-0.869637 0.816399
-0.859637 0.82109
-0.849637 0.825526
-0.839637 0.829707
-0.829637 0.833625
-0.819637 0.837269
-0.809637 0.84064
-0.799637 0.843725
-0.789637 0.846523
-0.779637 0.84902
-0.769637 0.851211
-0.759637 0.8531
-0.749637 0.854671
-0.739637 0.85592
-0.729637 0.856847
-0.719637 0.85744
-0.709637 0.857696
-0.699637 0.857612
-0.689637 0.857177
-0.679637 0.856391
-0.669637 0.855255
-0.659637 0.853756
-0.649637 0.85189
-0.639637 0.849661
-0.629637 0.847062
-0.619637 0.844088
-0.609637 0.840735
-0.599637 0.837004
-0.589637 0.832894
-0.579637 0.828397
-0.569637 0.823513
-0.559637 0.818244
-0.549637 0.812587
-0.539637 0.806543
-0.529637 0.800106
-0.519637 0.793275
-0.509637 0.786057
-0.499637 0.778455
-0.489637 0.770456
-0.479637 0.762069
-0.469637 0.753301
-0.459637 0.744143
-0.449637 0.7346
-0.439637 0.724676
-0.429637 0.714377
-0.419637 0.703701
-0.409637 0.692654
-0.399637 0.681233
-0.389637 0.66945
-0.379637 0.657305
-0.369637 0.644803
-0.359637 0.631952
-0.349638 0.618753
-0.339638 0.605211
-0.329638 0.591335
-0.319638 0.577134
-0.309638 0.562608
-0.299638 0.547764
-0.289638 0.532609
-0.279638 0.517157
-0.269638 0.501412
-0.259638 0.485379
-0.249638 0.469065
-0.239638 0.452486
-0.229638 0.435641
-0.219638 0.418547
-0.209638 0.401211
-0.199638 0.383636
-0.189638 0.365841
-0.179638 0.347832
-0.169638 0.32962
-0.159638 0.311211
-0.149638 0.29262
-0.139638 0.273857
-0.129638 0.254929
-0.119638 0.235853
-0.109638 0.216633
-0.0996375 0.197285
-0.0896375 0.177822
-0.0796375 0.158253
-0.0696375 0.13859
-0.0596375 0.11884
-0.0496375 0.0990182
-0.0396375 0.079143
-0.0296375 0.0592172
-0.0196375 0.0392556
-0.00963754 0.0192732
0.000362456 -0.000724196
0.0103625 -0.0207216
0.0203625 -0.040704
0.0303625 -0.0606626
0.0403625 -0.0805855
0.0503625 -0.100461
0.0603625 -0.120276
0.0703624 -0.140014
0.0803624 -0.159672
0.0903624 -0.179237
0.100362 -0.198695
0.110362 -0.218031
0.120362 -0.237238
0.130362 -0.256306
0.140362 -0.275221
0.150362 -0.293976
0.160362 -0.312552
0.170362 -0.330946
0.180362 -0.349146
0.190362 -0.367138
0.200362 -0.384918
0.210362 -0.402474
0.220362 -0.419796
0.230362 -0.436872
0.240362 -0.453696
0.250362 -0.470257
0.260362 -0.486547
0.270362 -0.50256
0.280362 -0.518289
0.290362 -0.533721
0.300362 -0.548849
0.310362 -0.563669
0.320362 -0.578174
0.330362 -0.592354
0.340362 -0.606206
0.350362 -0.619721
0.360362 -0.632894
0.370362 -0.645721
0.380362 -0.658196
0.390362 -0.670317
0.400362 -0.682074
0.410362 -0.693464
0.420362 -0.704488
0.430362 -0.715137
0.440362 -0.725409
0.450362 -0.735307
0.460362 -0.74482
0.470362 -0.753948
0.480362 -0.762692
0.490362 -0.771049
0.500362 -0.779018
0.510362 -0.786597
0.520362 -0.793785
0.530362 -0.800586
0.540362 -0.806993
0.550362 -0.81301
0.560362 -0.81864
0.570362 -0.823879
0.580362 -0.828734
0.590362 -0.833204
0.600362 -0.83729
0.610362 -0.840992
0.620362 -0.844315
0.630362 -0.847262
0.640362 -0.849834
0.650362 -0.852039
0.660362 -0.853878
0.670362 -0.85535
0.680362 -0.856459
0.690362 -0.857219
0.700362 -0.85763
0.710362 -0.857687
0.720362 -0.857407
0.730362 -0.85679
0.740362 -0.855839
0.750362 -0.85457
0.760362 -0.852975
0.770362 -0.851065
0.780362 -0.848848
0.790362 -0.846329
0.800362 -0.843513
0.810362 -0.840405
0.820362 -0.837016
0.830362 -0.833349
0.840362 -0.829412
0.850362 -0.825211
0.860362 -0.820756
0.870362 -0.816052
0.880362 -0.811103
0.890362 -0.805919
0.900362 -0.800507
0.910362 -0.794874
0.920362 -0.78903
0.930362 -0.782979
0.940362 -0.776726
0.950362 -0.770286
0.960362 -0.763661
0.970362 -0.756858
0.980362 -0.749888
0.990362 -0.742754
1.00036 -0.735468
1.01036 -0.728033
1.02036 -0.720459
1.03036 -0.712755
1.04036 -0.704923
1.05036 -0.696974
1.06036 -0.688916
1.07036 -0.680755
1.08036 -0.672495
1.09036 -0.664145
1.10036 -0.655714
1.11036 -0.647207
1.12036 -0.638629
1.13036 -0.629991
1.14036 -0.621298
1.15036 -0.612552
1.16036 -0.603764
1.17036 -0.59494
1.18036 -0.586084
1.19036 -0.577202
1.20036 -0.568301
1.21036 -0.559387
1.22036 -0.550467
1.23036 -0.541543
1.24036 -0.532621
1.25036 -0.523708
1.26036 -0.514808
1.27036 -0.505926
1.28036 -0.497068
1.29036 -0.488237
1.30036 -0.479438
1.31036 -0.470677
1.32036 -0.461957
1.33036 -0.453279
1.34036 -0.444651
1.35036 -0.436078
1.36036 -0.427559
1.37036 -0.4191
1.38036 -0.410705
1.39036 -0.402378
1.40036 -0.394119
1.41036 -0.385932
1.42036 -0.377821
1.43036 -0.369789
1.44036 -0.361836
1.45036 -0.353968
1.46036 -0.346185
1.47036 -0.338488
1.48036 -0.330883
1.49036 -0.323368
1.50036 -0.315947
1.51036 -0.30862
1.52036 -0.30139
1.53036 -0.294258
1.54036 -0.287224
1.55036 -0.280291
1.56036 -0.27346
1.57036 -0.26673
1.58036 -0.260104
1.59036 -0.253581
1.60036 -0.247162
1.61036 -0.240849
1.62036 -0.234641
1.63036 -0.228538
1.64036 -0.222541
1.65036 -0.21665
1.66036 -0.210866
1.67036 -0.205187
1.68036 -0.199614
1.69036 -0.194146
1.70036 -0.188784
1.71036 -0.183528
1.72036 -0.178375
1.73036 -0.173327
1.74036 -0.168383
1.75036 -0.163541
1.76036 -0.158802
1.77036 -0.154164
1.78036 -0.149626
1.79036 -0.145189
1.80036 -0.140852
1.81036 -0.136611
1.82036 -0.132468
1.83036 -0.128421
1.84036 -0.12447
1.85036 -0.120612
1.86036 -0.116846
1.87036 -0.113173
1.88036 -0.10959
1.89036 -0.106096
1.90036 -0.10269
1.91036 -0.0993707
1.92036 -0.0961371
1.93036 -0.0929873
1.94036 -0.0899204
1.95036 -0.0869351
1.96036 -0.0840299
1.97036 -0.0812034
1.98036 -0.0784541
1.99036 -0.0757811
2.00036 -0.073182
2.01036 -0.0706567
2.02036 -0.0682032
2.03036 -0.0658201
2.04036 -0.0635061
2.05036 -0.0612596
2.06036 -0.059079
2.07036 -0.0569637
2.08036 -0.0549119
2.09036 -0.0529221
2.10036 -0.0509931
2.11036 -0.0491234
2.12036 -0.0473118
2.13036 -0.0455566
2.14036 -0.0438571
2.15036 -0.0422117
2.16036 -0.0406187
2.17036 -0.0390772
2.18036 -0.0375862
2.19036 -0.0361439
2.20036 -0.0347492
2.21036 -0.033401
2.22036 -0.0320983
2.23036 -0.0308392
2.24036 -0.0296232
2.25036 -0.0284488
2.26036 -0.0273149
2.27036 -0.0262207
2.28036 -0.0251645
2.29036 -0.0241457
2.30036 -0.0231632
2.31036 -0.0222156
2.32036 -0.0213021
2.33036 -0.0204218
2.34036 -0.0195737
2.35036 -0.0187566
2.36036 -0.0179696
2.37036 -0.017212
2.38036 -0.0164828
2.39036 -0.015781
2.40036 -0.0151057
2.41036 -0.0144562
2.42036 -0.0138317
2.43036 -0.0132313
2.44036 -0.0126541
2.45036 -0.0120996
2.46036 -0.0115668
2.47036 -0.0110551
2.48036 -0.0105637
2.49036 -0.010092
2.50036 -0.00963935
2.51036 -0.00920492
2.52036 -0.0087882
2.53036 -0.00838854
2.54036 -0.0080053
2.55036 -0.00763799
2.56036 -0.00728592
2.57036 -0.00694856
2.58036 -0.00662542
2.59036 -0.00631595
2.60036 -0.00601964
2.61036 -0.00573602
2.62036 -0.00546454
2.63036 -0.00520482
2.64036 -0.00495639
2.65036 -0.0047188
2.66036 -0.00449164
2.67036 -0.0042745
2.68036 -0.00406698
2.69036 -0.00386871
2.70036 -0.00367933
2.71036 -0.00349844
2.72036 -0.00332576
2.73036 -0.00316093
2.74036 -0.00300362
2.75036 -0.00285353
2.76036 -0.00271035
2.77036 -0.00257382
2.78036 -0.00244365
2.79036 -0.00231957
2.80036 -0.00220132
2.81036 -0.00208865
2.82036 -0.00198132
2.83036 -0.00187912
2.84036 -0.0017818
2.85036 -0.00168916
2.86036 -0.00160101
2.87036 -0.00151714
2.88036 -0.00143734
2.89036 -0.00136146
2.90036 -0.00128931
2.91036 -0.00122073
2.92036 -0.00115555
2.93036 -0.00109361
2.94036 -0.00103478
2.95036 -0.00097891
2.96036 -0.000925862
2.97036 -0.000875489
2.98036 -0.000827695
2.99036 -0.000782346
3.00036 -0.000739318
3.01036 -0.000698515
3.02036 -0.00065982
3.03036 -0.000623136
3.04036 -0.000588373
3.05036 -0.000555428
3.06036 -0.000524217
3.07036 -0.000494659
3.08036 -0.00046667
3.09036 -0.000440168
3.10036 -0.000415084
3.11036 -0.00039135
3.12036 -0.000368896
3.13036 -0.000347654
3.14036 -0.000327566
3.15036 -0.000308575
3.16036 -0.000290625
3.17036 -0.000273662
3.18036 -0.000257633
3.19036 -0.000242493
3.20036 -0.000228194
3.21036 -0.000214695
3.22036 -0.000201951
3.23036 -0.000189924
3.24036 -0.000178575
3.25036 -0.00016787
3.26036 -0.000157774
3.27036 -0.000148253
3.28036 -0.000139277
3.29036 -0.000130818
3.30036 -0.000122847
3.31036 -0.000115338
3.32036 -0.000108264
3.33036 -0.000101604
3.34036 -9.53332e-005
3.35036 -8.94305e-005
3.36036 -8.38763e-005
3.37036 -7.86501e-005
3.38036 -7.37342e-005
3.39036 -6.91115e-005
3.40036 -6.47647e-005
3.41036 -6.06791e-005
3.42036 -5.68393e-005
3.43036 -5.32307e-005
3.44036 -4.98415e-005
3.45036 -4.66583e-005
3.46036 -4.36688e-005
3.47036 -4.08628e-005
3.48036 -3.82292e-005
3.49036 -3.57576e-005
3.50036 -3.34391e-005
3.51036 -3.12642e-005
3.52036 -2.92246e-005
3.53036 -2.73126e-005
3.54036 -2.55204e-005
3.55036 -2.38407e-005
3.56036 -2.22669e-005
3.57036 -2.07927e-005
3.58036 -1.94122e-005
3.59036 -1.81195e-005
3.60036 -1.69094e-005
3.61036 -1.57767e-005
3.62036 -1.47169e-005
3.63036 -1.37255e-005
3.64036 -1.27983e-005
3.65036 -1.19311e-005
3.66036 -1.11204e-005
3.67036 -1.03626e-005
3.68036 -9.65455e-006
3.69036 -8.99292e-006
3.70036 -8.3749e-006
3.71036 -7.79773e-006
3.72036 -7.25888e-006
3.73036 -6.75587e-006
3.74036 -6.28637e-006
3.75036 -5.84829e-006
3.76036 -5.43964e-006
3.77036 -5.05847e-006
3.78036 -4.70304e-006
3.79036 -4.3717e-006
3.80036 -4.06286e-006
3.81036 -3.77504e-006
3.82036 -3.50688e-006
3.83036 -3.25712e-006
3.84036 -3.0245e-006
3.85036 -2.80793e-006
3.86036 -2.60631e-006
3.87036 -2.41867e-006
3.88036 -2.24409e-006
3.89036 -2.08168e-006
3.90036 -1.93062e-006
3.91036 -1.79014e-006
3.92036 -1.65955e-006
3.93036 -1.53817e-006
3.94036 -1.42538e-006
3.95036 -1.32057e-006
3.96036 -1.22322e-006
3.97036 -1.13282e-006
3.98036 -1.04888e-006
3.99036 -9.7096e-007
4.00036 -8.98657e-007
4.01036 -8.31561e-007
4.02036 -7.6931e-007
4.03036 -7.11573e-007
4.04036 -6.58034e-007
4.05036 -6.0839e-007
4.06036 -5.62381e-007
4.07036 -5.19746e-007
4.08036 -4.80238e-007
4.09036 -4.43647e-007
4.10036 -4.0976e-007
4.11036 -3.78379e-007
4.12036 -3.49332e-007
4.13036 -3.2245e-007
4.14036 -2.97575e-007
4.15036 -2.74562e-007
4.16036 -2.53274e-007
4.17036 -2.33591e-007
4.18036 -2.15391e-007
4.19036 -1.98571e-007
4.20036 -1.83026e-007
4.21036 -1.68663e-007
4.22036 -1.55396e-007
4.23036 -1.43141e-007
4.24036 -1.31827e-007
4.25036 -1.21381e-007
4.26037 -1.11741e-007
4.27037 -1.02847e-007
4.28037 -9.46389e-008
4.29037 -8.70681e-008
4.30037 -8.00874e-008
4.31037 -7.36513e-008
4.32037 -6.77184e-008
4.33037 -6.22506e-008
4.34037 -5.7212e-008
4.35037 -5.25704e-008
4.36037 -4.82966e-008
4.37037 -4.43606e-008
4.38037 -4.07365e-008
4.39037 -3.74012e-008
4.40037 -3.43317e-008
4.41037 -3.15079e-008
4.42037 -2.89104e-008
4.43037 -2.65216e-008
4.44037 -2.43253e-008
4.45037 -2.2306e-008
4.46037 -2.04503e-008
4.47037 -1.8745e-008
4.48037 -1.71785e-008
4.49037 -1.57398e-008
4.50037 -1.44185e-008
4.51037 -1.32055e-008
4.52037 -1.20919e-008
4.53037 -1.10701e-008
4.54037 -1.01325e-008
4.55037 -9.27236e-009
4.56037 -8.48358e-009
4.57037 -7.76032e-009
4.58037 -7.09718e-009
4.59037 -6.48945e-009
4.60037 -5.93255e-009
4.61037 -5.42233e-009
4.62037 -4.95497e-009
4.63037 -4.52692e-009
4.64037 -4.13505e-009
4.65037 -3.77632e-009
4.66037 -3.44798e-009
4.67037 -3.14757e-009
4.68037 -2.87275e-009
4.69037 -2.62138e-009
4.70038 -2.3915e-009
4.71038 -2.18133e-009
4.72038 -1.98927e-009
4.73038 -1.81373e-009
4.74038 -1.65332e-009
4.75038 -1.5068e-009
4.76038 -1.37299e-009
4.77038 -1.2508e-009
4.78038 -1.13925e-009
4.79038 -1.03745e-009
4.80038 -9.44535e-010
4.81038 -8.59778e-010
4.82038 -7.82466e-010
4.83038 -7.1196e-010
4.84038 -6.47675e-010
4.85038 -5.89069e-010
4.86038 -5.35656e-010
4.87038 -4.86996e-010
4.88038 -4.42662e-010
4.89038 -4.02278e-010
4.90038 -3.65504e-010
4.91038 -3.32026e-010
4.92038 -3.01557e-010
4.93038 -2.73822e-010
4.94038 -2.48587e-010
4.95038 -2.25634e-010
4.96038 -2.04759e-010
4.97038 -1.85777e-010
4.98038 -1.6852e-010
4.99038 -1.52835e-010
5.00038 -1.38581e-010
5.01038 -1.2563e-010
5.02038 -1.13867e-010
5.03038 -1.03185e-010
5.04038 -9.34857e-011
5.05038 -8.46809e-011
5.06038 -7.66897e-011
5.07038 -6.94378e-011
5.08038 -6.28594e-011
5.09038 -5.68927e-011
5.10038 -5.14813e-011
5.11038 -4.65756e-011
5.12038 -4.21288e-011
5.13038 -3.80984e-011
5.14039 -3.44469e-011
5.15039 -3.1139e-011
5.16039 -2.81428e-011
5.17039 -2.543e-011
5.18039 -2.29739e-011
5.19039 -2.07508e-011
5.20039 -1.87391e-011
5.21039 -1.69188e-011
5.22039 -1.52723e-011
5.23039 -1.37832e-011
5.24039 -1.24367e-011
5.25039 -1.12196e-011
5.26039 -1.01195e-011
5.27039 -9.12538e-012
5.28039 -8.2272e-012
5.29039 -7.41597e-012
5.30039 -6.68339e-012
5.31039 -6.02188e-012
5.32039 -5.4248e-012
5.33039 -4.88592e-012
5.34039 -4.39968e-012
5.35039 -3.96102e-012
5.36039 -3.56534e-012
5.37039 -3.20853e-012
5.38039 -2.88689e-012
5.39039 -2.59695e-012
5.40039 -2.33563e-012
5.41039 -2.10018e-012
5.42039 -1.88809e-012
5.43039 -1.6971e-012
5.44039 -1.52509e-012
5.45039 -1.37023e-012
5.46039 -1.23086e-012
5.47039 -1.10544e-012
5.48039 -9.92593e-013
5.49039 -8.91087e-013
5.50039 -7.99793e-013
5.51039 -7.17712e-013
5.52039 -6.43925e-013
5.53039 -5.776e-013
5.54039 -5.18006e-013
5.55039 -4.64467e-013
5.56039 -4.16376e-013
5.57039 -3.73186e-013
5.5804 -3.34411e-013
5.5904 -2.99604e-013
5.6004 -2.68362e-013
5.6104 -2.40332e-013
5.6204 -2.15186e-013
5.6304 -1.92632e-013
5.6404 -1.72406e-013
5.6504 -1.54273e-013
5.6604 -1.38017e-013
5.6704 -1.23449e-013
5.6804 -1.104e-013
5.6904 -9.87081e-014
5.7004 -8.82351e-014
5.7104 -7.88586e-014
5.7204 -7.04644e-014
5.7304 -6.29507e-014
5.7404 -5.62269e-014
5.7504 -5.0211e-014
5.7604 -4.48297e-014
5.7704 -4.00164e-014
5.7804 -3.57132e-014
5.7904 -3.18663e-014
5.8004 -2.84279e-014
5.8104 -2.53555e-014
5.8204 -2.26105e-014
5.8304 -2.01586e-014
5.8404 -1.79686e-014
5.8504 -1.60136e-014
5.8604 -1.42684e-014
5.8704 -1.27108e-014
5.8804 -1.13209e-014
5.8904 -1.00809e-014
5.9004 -8.97501e-015
5.9104 -7.98864e-015
5.9204 -7.10934e-015
5.9304 -6.32565e-015
5.9404 -5.62703e-015
5.9504 -5.00461e-015
5.9604 -4.45017e-015
5.9704 -3.95626e-015
5.9804 -3.51658e-015
5.9904 -3.12508e-015
6.0004 -2.77655e-015
6.01041 -2.46644e-015
6.02041 -2.19051e-015
6.03041 -1.94504e-015
6.04041 -1.72677e-015
6.05041 -1.53266e-015
6.06041 -1.36007e-015
6.07041 -1.2067e-015
6.08041 -1.0704e-015
6.09041 -9.49308e-016
6.10041 -8.41741e-016
6.11041 -7.46212e-016
6.12041 -6.61389e-016
6.13041 -5.86091e-016
6.14041 -5.19252e-016
6.15041 -4.59949e-016
6.16041 -4.07337e-016
6.17041 -3.60669e-016
6.18041 -3.19284e-016
6.19041 -2.82585e-016
6.20041 -2.50058e-016
6.21041 -2.21234e-016
6.22041 -1.95687e-016
6.23041 -1.73056e-016
6.24041 -1.53013e-016
6.25041 -1.35261e-016
6.26041 -1.19548e-016
6.27041 -1.05638e-016
6.28041 -9.33257e-017
6.29041 -8.2433e-017
6.30041 -7.27979e-017
6.31041 -6.42742e-017
6.32041 -5.67369e-017
6.33041 -5.0075e-017
6.34041 -4.41856e-017
6.35041 -3.89804e-017
6.36041 -3.4382e-017
6.37041 -3.03203e-017
6.38041 -2.67323e-017
6.39041 -2.3564e-017
6.40041 -2.07677e-017
6.41041 -1.82993e-017
6.42041 -1.61207e-017
6.43041 -1.41988e-017
6.44041 -1.25037e-017
6.45042 -1.10085e-017
6.46042 -9.69014e-018
6.47042 -8.52803e-018
6.48042 -7.50362e-018
6.49042 -6.60114e-018
6.50042 -5.80593e-018
6.51042 -5.10542e-018
6.52042 -4.48858e-018
6.53042 -3.94547e-018
6.54042 -3.46733e-018
6.55042 -3.04659e-018
6.56042 -2.67634e-018
6.57042 -2.35057e-018
6.58042 -2.06407e-018
6.59042 -1.81212e-018
6.60042 -1.5906e-018
6.61042 -1.39588e-018
6.62042 -1.22475e-018
6.63042 -1.07437e-018
6.64042 -9.42272e-019
6.65042 -8.26262e-019
6.66042 -7.24378e-019
6.67042 -6.34919e-019
6.68042 -5.56397e-019
6.69042 -4.875e-019
6.70042 -4.27043e-019
6.71042 -3.74002e-019
6.72042 -3.27488e-019
6.73042 -2.867e-019
6.74042 -2.50942e-019
6.75042 -2.19599e-019
6.76042 -1.92132e-019
6.77042 -1.68066e-019
6.78042 -1.46986e-019
6.79042 -1.28521e-019
6.80042 -1.12355e-019
6.81042 -9.82028e-020
6.82042 -8.58156e-020
6.83042 -7.49758e-020
6.84042 -6.54919e-020
6.85042 -5.71962e-020
6.86042 -4.99405e-020
6.87042 -4.3597e-020
6.88042 -3.80516e-020
6.89043 -3.32048e-020
6.90043 -2.89695e-020
6.91043 -2.52693e-020
6.92043 -2.20373e-020
6.93043 -1.92145e-020
6.94043 -1.67501e-020
6.95043 -1.45989e-020
6.96043 -1.27214e-020
6.97043 -1.10831e-020
6.98043 -9.6538e-021
6.99043 -8.40715e-021
7.00043 -7.31991e-021
7.01043 -6.37208e-021
7.02043 -5.54586e-021
7.03043 -4.82579e-021
7.04043 -4.19837e-021
7.05043 -3.65177e-021
7.06043 -3.17571e-021
7.07043 -2.76114e-021
7.08043 -2.40018e-021
7.09043 -2.08601e-021
7.10043 -1.81263e-021
7.11043 -1.57471e-021
7.12043 -1.36774e-021
7.13043 -1.18776e-021
7.14043 -1.03126e-021
7.15043 -8.95188e-022
7.16043 -7.76904e-022
7.17043 -6.74123e-022
7.18043 -5.84821e-022
7.19043 -5.07246e-022
7.20043 -4.39873e-022
7.21043 -3.81366e-022
7.22043 -3.30579e-022
7.23043 -2.86501e-022
7.24043 -2.48247e-022
7.25043 -2.15054e-022
7.26043 -1.86264e-022
7.27043 -1.61296e-022
7.28043 -1.39645e-022
7.29043 -1.20877e-022
7.30043 -1.04612e-022
7.31043 -9.05151e-023
7.32044 -7.83026e-023
7.33044 -6.77245e-023
7.34044 -5.85626e-023
7.35044 -5.06313e-023
7.36044 -4.37648e-023
7.37044 -3.78214e-023
7.38044 -3.26789e-023
7.39044 -2.823e-023
7.40044 -2.43817e-023
7.41044 -2.10539e-023
7.42044 -1.81765e-023
7.43044 -1.56893e-023
7.44044 -1.35395e-023
7.45044 -1.1682e-023
7.46044 -1.00774e-023
7.47044 -8.69139e-024
7.48044 -7.49452e-024
7.49044 -6.46114e-024
7.50044 -5.56913e-024
7.51044 -4.79925e-024
7.52044 -4.13501e-024
7.53044 -3.56203e-024
7.54044 -3.06775e-024
7.55044 -2.64155e-024
7.56044 -2.27412e-024
7.57044 -1.95736e-024
7.58044 -1.68444e-024
7.59044 -1.44926e-024
7.60044 -1.24664e-024
7.61044 -1.07215e-024
7.62044 -9.21899e-025
7.63044 -7.92533e-025
7.64044 -6.81192e-025
7.65044 -5.85382e-025
7.66044 -5.0294e-025
7.67044 -4.32016e-025
7.68044 -3.71023e-025
7.69044 -3.18577e-025
7.70044 -2.7349e-025
7.71044 -2.34736e-025
7.72044 -2.01431e-025
7.73044 -1.72818e-025
7.74044 -1.48242e-025
7.75044 -1.27133e-025
7.76045 -1.09007e-025
7.77045 -9.34462e-026
7.78045 -8.00925e-026
7.79045 -6.86327e-026
7.80045 -5.87997e-026
7.81045 -5.03661e-026
7.82045 -4.31334e-026
7.83045 -3.69319e-026
7.84045 -3.16156e-026
7.85045 -2.70592e-026
7.86045 -2.31547e-026
7.87045 -1.98096e-026
7.88045 -1.69442e-026
7.89045 -1.44905e-026
7.90045 -1.23896e-026
7.91045 -1.05912e-026
7.92045 -9.05202e-027
7.93045 -7.73494e-027
7.94045 -6.60818e-027
7.95045 -5.64435e-027
7.96045 -4.82018e-027
7.97045 -4.11553e-027
7.98045 -3.51317e-027
7.99045 -2.99832e-027
8.00045 -2.5585e-027
8.01045 -2.18273e-027
8.02045 -1.86179e-027
8.03045 -1.58764e-027
8.04045 -1.35364e-027
8.05045 -1.15391e-027
8.06045 -9.83424e-028
8.07045 -8.37961e-028
8.08045 -7.13867e-028
8.09045 -6.08057e-028
8.10045 -5.17802e-028
8.11045 -4.40853e-028
8.12045 -3.75274e-028
8.13045 -3.19377e-028
8.14045 -2.71752e-028
8.15045 -2.31187e-028
8.16045 -1.96635e-028
8.17045 -1.67211e-028
8.18045 -1.42166e-028
8.19045 -1.20847e-028
8.20045 -1.02703e-028
8.21045 -8.72643e-029
8.22046 -7.41338e-029
8.23046 -6.29648e-029
8.24046 -5.34689e-029
8.25046 -4.5396e-029
8.26046 -3.85325e-029
8.27046 -3.27014e-029
8.28046 -2.77474e-029
8.29046 -2.35379e-029
8.30046 -1.9964e-029
8.31046 -1.69293e-029
8.32046 -1.43527e-029
8.33046 -1.2166e-029
8.34046 -1.03102e-029
8.35046 -8.73574e-030
8.36046 -7.40039e-030
8.37046 -6.26787e-030
8.38046 -5.3075e-030
8.39046 -4.49334e-030
8.40046 -3.80342e-030
8.41046 -3.2187e-030
8.42046 -2.72333e-030
8.43046 -2.30378e-030
8.44046 -1.94844e-030
8.45046 -1.64757e-030
8.46046 -1.39294e-030
8.47046 -1.17738e-030
8.48046 -9.94966e-031
8.49046 -8.4067e-031
8.50046 -7.10141e-031
8.51046 -5.99759e-031
8.52046 -5.06434e-031
8.53046 -4.27552e-031
8.54046 -3.60886e-031
8.55046 -3.04545e-031
8.56046 -2.56954e-031
8.57046 -2.16752e-031
8.58046 -1.82803e-031
8.59046 -1.54144e-031
8.60046 -1.29948e-031
8.61046 -1.09531e-031
8.62046 -9.23015e-032
8.63046 -7.77661e-032
8.64046 -6.55084e-032
8.65047 -5.51702e-032
8.66047 -4.64552e-032
8.67047 -3.9109e-032
8.68047 -3.29171e-032
8.69047 -2.77e-032
8.70047 -2.33051e-032
8.71047 -1.9604e-032
8.72047 -1.64873e-032
8.73047 -1.3863e-032
8.74047 -1.16541e-032
8.75047 -9.79519e-033
8.76047 -8.2313e-033
8.77047 -6.91572e-033
8.78047 -5.8091e-033
8.79047 -4.87857e-033
8.80047 -4.09636e-033
8.81047 -3.43888e-033
8.82047 -2.88628e-033
8.83047 -2.42199e-033
8.84047 -2.03198e-033
8.85047 -1.70447e-033
8.86047 -1.42945e-033
8.87047 -1.19854e-033
8.88047 -1.00474e-033
8.89047 -8.42098e-034
8.90047 -7.05658e-034
8.91047 -5.91207e-034
8.92047 -4.95207e-034
8.93047 -4.14713e-034
8.94047 -3.47239e-034
8.95047 -2.90686e-034
8.96047 -2.43288e-034
8.97047 -2.03579e-034
8.98047 -1.70316e-034
8.99047 -1.42463e-034
9.00047 -1.1914e-034
9.01047 -9.96139e-035
9.02047 -8.3271e-035
9.03047 -6.95967e-035
9.04047 -5.81553e-035
9.05047 -4.85847e-035
9.06047 -4.05821e-035
9.07047 -3.38906e-035
9.08047 -2.82963e-035
9.09048 -2.36206e-035
9.10048 -1.97141e-035
9.11048 -1.64499e-035
9.12048 -1.37237e-035
9.13048 -1.1447e-035
9.14048 -9.54573e-036
9.15048 -7.95878e-036
9.16048 -6.63461e-036
9.17048 -5.52942e-036
9.18048 -4.60738e-036
9.19048 -3.83842e-036
9.20048 -3.19707e-036
9.21048 -2.66236e-036
9.22048 -2.21667e-036
9.23048 -1.84523e-036
9.24048 -1.53568e-036
9.25048 -1.27781e-036
9.26048 -1.06304e-036
9.27048 -8.8418e-037
9.28048 -7.35262e-037
9.29048 -6.11318e-037
9.30048 -5.08162e-037
9.31048 -4.22321e-037
9.32048 -3.50909e-037
9.33048 -2.91521e-037
9.34048 -2.42129e-037
9.35048 -2.01066e-037
9.36048 -1.66936e-037
9.37048 -1.38572e-037
9.38048 -1.15001e-037
9.39048 -9.54211e-038
9.40048 -7.91601e-038
9.41048 -6.5656e-038
9.42048 -5.44444e-038
9.43048 -4.51393e-038
9.44048 -3.74168e-038
9.45048 -3.10088e-038
9.46048 -2.56929e-038
9.47048 -2.12846e-038
9.48048 -1.76287e-038
9.49048 -1.45981e-038
9.50048 -1.20858e-038
9.51048 -1.00039e-038
9.52048 -8.27915e-039
9.53049 -6.85018e-039
9.54049 -5.66685e-039
9.55049 -4.68699e-039
9.56049 -3.87564e-039
9.57049 -3.20421e-039
9.58049 -2.64859e-039
9.59049 -2.18883e-039
9.60049 -1.80852e-039
9.61049 -1.49392e-039
9.62049 -1.23391e-039
9.63049 -1.01888e-039
9.64049 -8.41129e-040
9.65049 -6.94343e-040
9.66049 -5.72991e-040
9.67049 -4.72798e-040
9.68049 -3.89981e-040
9.69049 -3.21598e-040
9.70049 -2.65266e-040
9.71049 -2.18673e-040
9.72049 -1.80207e-040
9.73049 -1.48538e-040
9.74049 -1.22403e-040
9.75049 -1.00823e-040
9.76049 -8.30269e-041
9.77049 -6.83834e-041
9.78049 -5.62621e-041
9.79049 -4.63129e-041
9.80049 -3.81153e-041
9.81049 -3.1319e-041
9.82049 -2.5854e-041
9.83049 -2.12297e-041
9.84049 -1.74462e-041
9.85049 -1.43633e-041
9.86049 -1.17709e-041
9.87049 -9.66896e-042
9.88049 -7.9874e-042
9.89049 -6.5861e-042
9.90049 -5.32493e-042
9.91049 -4.41409e-042
9.92049 -3.64338e-042
9.93049 -2.94273e-042
9.94049 -2.45227e-042
9.95049 -2.03188e-042
9.96049 -1.61149e-042
9.9705 -1.33123e-042
9.9805 -1.12104e-042
9.9905 -9.10844e-043
10.0005 -7.00649e-043
10.0105 -5.60519e-043
10.0205 -5.60519e-043
10.0305 -4.2039e-043
10.0405 -2.8026e-043
10.0505 -2.8026e-043
10.0605 -2.8026e-043
10.0705 -2.10195e-043
10.0805 -1.4013e-043
10.0905 -7.00649e-044
10.1005 -7.00649e-044
10.1105 -1.4013e-043
10.1205 -7.00649e-044
10.1305 0
10.1405 -7.00649e-044
10.1505 -7.00649e-044
10.1605 0
10.1705 0
10.1805 0
10.1905 -7.00649e-044
10.2005 -7.00649e-044
10.2105 0
10.2205 0
10.2305 0
10.2405 0
10.2505 0
10.2605 0
10.2705 0
10.2805 0
10.2905 0
10.3005 0
10.3105 0
10.3205 0
10.3305 0
10.3405 0
10.3505 0
10.3605 0
10.3705 0
10.3805 0
10.3905 0
10.4005 0
10.4105 0
10.4205 0
10.4305 0
10.4405 0
10.4505 0
10.4605 0
10.4705 0
10.4805 0
10.4905 0
10.5005 0
10.5105 0
10.5205 0
10.5305 0
10.5405 0
10.5505 0
10.5605 0
10.5705 0
10.5805 0
10.5905 0
10.6005 0
10.6105 0
10.6205 0
10.6305 0
10.6405 0
10.6505 0
10.6605 0
10.6705 0
10.6805 0
10.6905 0
10.7005 0
10.7105 0
10.7205 0
10.7305 0
10.7405 0
10.7505 0
10.7605 0
10.7705 0
10.7805 0
10.7905 0
10.8005 0
10.8105 0
10.8205 0
10.8305 0
10.8405 0
10.8505 0
10.8605 0
10.8705 0
10.8805 0
10.8905 0
10.9005 0
10.9105 0
10.9205 0
10.9305 0
10.9405 0
10.9505 0
10.9605 0
10.9705 0
10.9805 0
10.9905 0
11.0005 0
11.0105 0
11.0205 0
11.0305 0
11.0405 0
11.0505 0
11.0605 0
11.0705 0
11.0805 0
11.0905 0
11.1005 0
11.1105 0
11.1205 0
11.1305 0
11.1405 0
11.1505 0
11.1605 0
11.1705 0
11.1805 0
11.1905 0
11.2005 0
11.2105 0
11.2205 0
11.2305 0
11.2405 0
11.2505 0
11.2605 0
11.2705 0
11.2805 0
11.2905 0
11.3005 0
11.3105 0
11.3205 0
11.3305 0
11.3405 0
11.3505 0
11.3605 0
11.3705 0
11.3805 0
11.3905 0
11.4005 0
11.4105 0
11.4205 0
11.4305 0
11.4405 0
11.4505 0
11.4605 0
11.4705 0
11.4805 0
11.4905 0
11.5005 0
11.5105 0
11.5205 0
11.5305 0
11.5405 0
11.5505 0
11.5605 0
11.5705 0
11.5805 0
11.5905 0
11.6005 0
11.6105 0
11.6205 0
11.6305 0
11.6405 0
11.6505 0
11.6605 0
11.6705 0
11.6805 0
11.6905 0
11.7005 0
11.7105 0
11.7205 0
11.7305 0
11.7405 0
11.7505 0
11.7605 0
11.7705 0
11.7805 0
11.7905 0
11.8005 0
11.8105 0
11.8205 0
11.8305 0
11.8405 0
11.8505 0
11.8605 0
11.8705 0
11.8805 0
11.8905 0
11.9005 0
11.9105 0
11.9205 0
11.9305 0
11.9405 0
11.9505 0
11.9605 0
11.9705 0
11.9805 0
11.9905 0
12.0005 0
12.0105 0
12.0205 0
12.0305 0
12.0405 0
12.0505 0
12.0605 0
12.0705 0
12.0805 0
12.0905 0
12.1005 0
12.1105 0
12.1205 0
12.1305 0
12.1405 0
12.1505 0
12.1605 0
12.1705 0
12.1805 0
12.1905 0
12.2005 0
12.2105 0
12.2205 0
12.2305 0
12.2405 0
12.2505 0
12.2605 0
12.2705 0
12.2805 0
12.2905 0
12.3005 0
12.3105 0
12.3205 0
12.3305 0
12.3405 0
12.3505 0
12.3605 0
12.3706 0
12.3806 0
12.3906 0
12.4006 0
12.4106 0
12.4206 0
12.4306 0
12.4406 0
12.4506 0
12.4606 0
12.4706 0
12.4806 0
12.4906 0
12.5006 0
12.5106 0
12.5206 0
12.5306 0
12.5406 0
12.5506 0
12.5606 0
12.5706 0
12.5806 0
12.5906 0
12.6006 0
12.6106 0
12.6206 0
12.6306 0
12.6406 0
12.6506 0
12.6606 0
12.6706 0
12.6806 0
12.6906 0
12.7006 0
12.7106 0
12.7206 0
12.7306 0
12.7406 0
12.7506 0
12.7606 0
12.7706 0
12.7806 0
12.7906 0
12.8006 0
12.8106 0
12.8206 0
12.8306 0
12.8406 0
12.8506 0
12.8606 0
12.8706 0
12.8806 0
12.8906 0
12.9006 0
12.9106 0
12.9206 0
12.9306 0
12.9406 0
12.9506 0
12.9606 0
12.9706 0
12.9806 0
12.9906 0
13.0006 0
13.0106 0
13.0206 0
13.0306 0
13.0406 0
13.0506 0
13.0606 0
13.0706 0
13.0806 0
13.0906 0
13.1006 0
13.1106 0
13.1206 0
13.1306 0
13.1406 0
13.1506 0
13.1606 0
13.1706 0
13.1806 0
13.1906 0
13.2006 0
13.2106 0
13.2206 0
13.2306 0
13.2406 0
13.2506 0
13.2606 0
13.2706 0
13.2806 0
13.2906 0
13.3006 0
13.3106 0
13.3206 0
13.3306 0
13.3406 0
13.3506 0
13.3606 0
13.3706 0
13.3806 0
13.3906 0
13.4006 0
13.4106 0
13.4206 0
13.4306 0
13.4406 0
13.4506 0
13.4606 0
13.4706 0
13.4806 0
13.4906 0
13.5006 0
13.5106 0
13.5206 0
13.5306 0
13.5406 0
13.5506 0
13.5606 0
13.5706 0
13.5806 0
13.5906 0
13.6006 0
13.6106 0
13.6206 0
13.6306 0
13.6406 0
13.6506 0
13.6606 0
13.6706 0
13.6806 0
13.6906 0
13.7006 0
13.7106 0
13.7206 0
13.7306 0
13.7406 0
13.7506 0
13.7606 0
13.7706 0
13.7806 0
13.7906 0
13.8006 0
13.8106 0
13.8206 0
13.8306 0
13.8406 0
13.8506 0
13.8606 0
13.8706 0
13.8806 0
13.8906 0
13.9006 0
13.9106 0
13.9206 0
13.9306 0
13.9406 0
13.9506 0
13.9606 0
13.9706 0
13.9806 0
13.9906 0
14.0006 0
14.0106 0
14.0206 0
14.0306 0
14.0406 0
14.0506 0
14.0606 0
14.0706 0
14.0806 0
14.0906 0
14.1006 0
14.1106 0
14.1206 0
14.1306 0
14.1406 0
14.1506 0
14.1606 0
14.1706 0
14.1806 0
14.1906 0
14.2006 0
14.2106 0
14.2206 0
14.2306 0
14.2406 0
14.2506 0
14.2606 0
14.2706 0
14.2806 0
14.2906 0
14.3006 0
14.3106 0
14.3206 0
14.3306 0
14.3406 0
14.3506 0
14.3606 0
14.3706 0
14.3806 0
14.3906 0
14.4006 0
14.4106 0
14.4206 0
14.4306 0
14.4406 0
14.4506 0
14.4606 0
14.4706 0
14.4806 0
14.4906 0
14.5006 0
14.5106 0
14.5206 0
14.5306 0
14.5406 0
14.5506 0
14.5606 0
14.5706 0
14.5806 0
14.5906 0
14.6006 0
14.6106 0
14.6206 0
14.6306 0
14.6406 0
14.6506 0
14.6606 0
14.6706 0
14.6806 0
14.6906 0
14.7006 0
14.7106 0
14.7206 0
14.7306 0
14.7406 0
14.7506 0
14.7606 0
14.7706 0
14.7806 0
14.7906 0
14.8006 0
14.8106 0
14.8206 0
14.8306 0
14.8406 0
14.8506 0
14.8606 0
14.8706 0
14.8806 0
14.8906 0
14.9006 0
14.9106 0
14.9206 0
14.9306 0
14.9406 0
14.9506 0
14.9606 0
14.9706 0
14.9806 0
14.9906 0
15.0006 0
15.0106 0
15.0206 0
15.0306 0
15.0406 0
15.0506 0
15.0606 0
15.0706 0
15.0806 0
15.0906 0
15.1006 0
15.1106 0
15.1206 0
15.1306 0
15.1406 0
15.1506 0
15.1606 0
15.1706 0
15.1806 0
15.1906 0
15.2006 0
15.2106 0
15.2206 0
15.2306 0
15.2406 0
15.2506 0
15.2606 0
15.2706 0
15.2806 0
15.2906 0
15.3006 0
15.3106 0
15.3206 0
15.3306 0
15.3406 0
15.3506 0
15.3606 0
15.3706 0
15.3806 0
15.3906 0
15.4006 0
15.4106 0
15.4206 0
15.4306 0
15.4406 0
15.4506 0
15.4606 0
15.4706 0
15.4806 0
15.4906 0
15.5006 0
15.5106 0
15.5206 0
15.5306 0
15.5406 0
15.5506 0
15.5606 0
15.5706 0
15.5806 0
15.5906 0
15.6006 0
15.6106 0
15.6206 0
15.6306 0
15.6406 0
15.6506 0
15.6606 0
15.6706 0
15.6806 0
15.6906 0
15.7006 0
15.7106 0
15.7206 0
15.7306 0
15.7406 0
15.7506 0
15.7606 0
15.7706 0
15.7806 0
15.7906 0
15.8006 0
15.8106 0
15.8206 0
15.8306 0
15.8406 0
15.8506 0
15.8606 0
15.8706 0
15.8806 0
15.8906 0
15.9006 0
15.9106 0
15.9206 0
15.9306 0
15.9406 0
15.9506 0
15.9606 0
15.9706 0
15.9806 0
15.9906 0
16.0006 0
16.0106 0
16.0206 0
16.0306 0
16.0406 0
16.0506 0
16.0606 0
16.0706 0
16.0806 0
16.0906 0
16.1006 0
16.1106 0
16.1206 0
16.1306 0
16.1406 0
16.1506 0
16.1606 0
16.1706 0
16.1806 0
16.1906 0
16.2006 0
16.2106 0
16.2206 0
16.2306 0
16.2406 0
16.2506 0
16.2606 0
16.2706 0
16.2806 0
16.2906 0
16.3006 0
16.3106 0
16.3206 0
16.3306 0
16.3406 0
16.3506 0
16.3606 0
16.3706 0
16.3806 0
16.3906 0
16.4006 0
16.4106 0
16.4206 0
16.4306 0
16.4406 0
16.4506 0
16.4606 0
16.4706 0
16.4806 0
16.4906 0
16.5006 0
16.5106 0
16.5206 0
16.5306 0
16.5406 0
16.5506 0
16.5606 0
16.5706 0
16.5806 0
16.5906 0
16.6006 0
16.6106 0
16.6206 0
16.6306 0
16.6406 0
16.6506 0
16.6606 0
16.6706 0
16.6806 0
16.6906 0
16.7006 0
16.7106 0
16.7206 0
16.7306 0
16.7407 0
16.7507 0
16.7607 0
16.7707 0
16.7807 0
16.7907 0
16.8007 0
16.8107 0
16.8207 0
16.8307 0
16.8407 0
16.8507 0
16.8607 0
16.8707 0
16.8807 0
16.8907 0
16.9007 0
16.9107 0
16.9207 0
16.9307 0
16.9407 0
16.9507 0
16.9607 0
16.9707 0
16.9807 0
16.9907 0
17.0007 0
17.0107 0
17.0207 0
17.0307 0
17.0407 0
17.0507 0
17.0607 0
17.0707 0
17.0807 0
17.0907 0
17.1007 0
17.1107 0
17.1207 0
17.1307 0
17.1407 0
17.1507 0
17.1607 0
17.1707 0
17.1807 0
17.1907 0
17.2007 0
17.2107 0
17.2207 0
17.2307 0
17.2407 0
17.2507 0
17.2607 0
17.2707 0
17.2807 0
17.2907 0
17.3007 0
17.3107 0
17.3207 0
17.3307 0
17.3407 0
17.3507 0
17.3607 0
17.3707 0
17.3807 0
17.3907 0
17.4007 0
17.4107 0
17.4207 0
17.4307 0
17.4407 0
17.4507 0
17.4607 0
17.4707 0
17.4807 0
17.4907 0
17.5007 0
17.5107 0
17.5207 0
17.5307 0
17.5407 0
17.5507 0
17.5607 0
17.5707 0
17.5807 0
17.5907 0
17.6007 0
17.6107 0
17.6207 0
17.6307 0
17.6407 0
17.6507 0
17.6607 0
17.6707 0
17.6807 0
17.6907 0
17.7007 0
17.7107 0
17.7207 0
17.7307 0
17.7407 0
17.7507 0
17.7607 0
17.7707 0
17.7807 0
17.7907 0
17.8007 0
17.8107 0
17.8207 0
17.8307 0
17.8407 0
17.8507 0
17.8607 0
17.8707 0
17.8807 0
17.8907 0
17.9007 0
17.9107 0
17.9207 0
17.9307 0
17.9407 0
17.9507 0
17.9607 0
17.9707 0
17.9807 0
17.9907 0
18.0007 0
18.0107 0
18.0207 0
18.0307 0
18.0407 0
18.0507 0
18.0607 0
18.0707 0
18.0807 0
18.0907 0
18.1007 0
18.1107 0
18.1207 0
18.1307 0
18.1407 0
18.1507 0
18.1607 0
18.1707 0
18.1807 0
18.1907 0
18.2007 0
18.2107 0
18.2207 0
18.2307 0
18.2407 0
18.2507 0
18.2607 0
18.2707 0
18.2807 0
18.2907 0
18.3007 0
18.3107 0
18.3207 0
18.3307 0
18.3407 0
18.3507 0
18.3607 0
18.3707 0
18.3807 0
18.3907 0
18.4007 0
18.4107 0
18.4207 0
18.4307 0
18.4407 0
18.4507 0
18.4607 0
18.4707 0
18.4807 0
18.4907 0
18.5007 0
18.5107 0
18.5207 0
18.5307 0
18.5407 0
18.5507 0
18.5607 0
18.5707 0
18.5807 0
18.5907 0
18.6007 0
18.6107 0
18.6207 0
18.6307 0
18.6407 0
18.6507 0
18.6607 0
18.6707 0
18.6807 0
18.6907 0
18.7007 0
18.7107 0
18.7207 0
18.7307 0
18.7407 0
18.7507 0
18.7607 0
18.7707 0
18.7807 0
18.7907 0
18.8007 0
18.8107 0
18.8207 0
18.8307 0
18.8407 0
18.8507 0
18.8607 0
18.8707 0
18.8807 0
18.8907 0
18.9007 0
18.9107 0
18.9207 0
18.9307 0
18.9407 0
18.9507 0
18.9607 0
18.9707 0
18.9807 0
18.9907 0
19.0007 0
19.0107 0
19.0207 0
19.0307 0
19.0407 0
19.0507 0
19.0607 0
19.0707 0
19.0807 0
19.0907 0
19.1007 0
19.1107 0
19.1207 0
19.1307 0
19.1407 0
19.1507 0
19.1607 0
19.1707 0
19.1807 0
19.1907 0
19.2007 0
19.2107 0
19.2207 0
19.2307 0
19.2407 0
19.2507 0
19.2607 0
19.2707 0
19.2807 0
19.2907 0
19.3007 0
19.3107 0
19.3207 0
19.3307 0
19.3407 0
19.3507 0
19.3607 0
19.3707 0
19.3807 0
19.3907 0
19.4007 0
19.4107 0
19.4207 0
19.4307 0
19.4407 0
19.4507 0
19.4607 0
19.4707 0
19.4807 0
19.4907 0
19.5007 0
19.5107 0
19.5207 0
19.5307 0
19.5407 0
19.5507 0
19.5607 0
19.5707 0
19.5807 0
19.5907 0
19.6007 0
19.6107 0
19.6207 0
19.6307 0
19.6407 0
19.6507 0
19.6607 0
19.6707 0
19.6807 0
19.6907 0
19.7007 0
19.7107 0
19.7207 0
19.7307 0
19.7407 0
19.7507 0
19.7607 0
19.7707 0
19.7807 0
19.7907 0
19.8007 0
19.8107 0
19.8207 0
19.8307 0
19.8407 0
19.8507 0
19.8607 0
19.8707 0
19.8807 0
19.8907 0
19.9007 0
19.9107 0
19.9207 0
19.9307 0
19.9407 0
19.9507 0
19.9607 0
19.9707 0
19.9807 0
19.9907 0
